1.667584e+01 3.640172e+01 3.640172e+01 1.667584e+01
2.640610e+01 3.640172e+01 3.640172e+01 2.640610e+01
2.361678e+01 3.640172e+01 3.640172e+01 2.361678e+01
3.397078e+01 3.640172e+01 3.640172e+01 3.397078e+01
5.519784e+01 3.640172e+01 3.640172e+01 5.519784e+01
3.963355e+01 3.640172e+01 3.640172e+01 3.963355e+01
5.064660e+01 3.640172e+01 3.640172e+01 5.064660e+01
5.294836e+01 3.640172e+01 3.640172e+01 5.294836e+01
3.384686e+01 3.640172e+01 3.640172e+01 3.384686e+01
3.412556e+01 3.640172e+01 3.640172e+01 3.412556e+01
6.760210e+01 3.640172e+01 3.640172e+01 6.760210e+01
